pre.e30_len_0.6_cov_0.4	505	0.69655	333	0.45931
pre.e30_len_0.2_cov_0.6	493	0.68	325	0.44828
pre.e30_len_0_cov_0.4	457	0.63034	282	0.38897
pre.e30_len_0.6_cov_0.8	503	0.69379	333	0.45931
pre.e30_len_0.4_cov_0	143	0.19724	66	0.09103
pre.e30_len_0.6_cov_0.6	503	0.69379	333	0.45931
pre.e30_len_0.8_cov_0	159	0.21931	73	0.10069
pre.e30_len_0.4_cov_0.2	462	0.63724	286	0.39448
pre.e30_len_1.0_cov_0.2	505	0.69655	333	0.45931
pre.e30_len_0.8_cov_1.0	503	0.69379	335	0.46207
pre.e30_len_0_cov_0	139	0.19172	63	0.0869
pre.e30_len_0.2_cov_0.2	417	0.57517	251	0.34621
pre.e30_len_0.2_cov_0.4	476	0.65655	305	0.42069
pre.e30_len_0_cov_0.2	358	0.49379	202	0.27862
pre.e30_len_0.8_cov_0.2	495	0.68276	326	0.44966
pre.e30_len_0.6_cov_0.2	480	0.66207	311	0.42897
pre.e30_len_1.0_cov_0.8	504	0.69517	336	0.46345
pre.e30_len_0.8_cov_0.4	503	0.69379	333	0.45931
pre.e30_len_1.0_cov_0	167	0.23034	78	0.10759
pre.e30_len_0.2_cov_0.8	504	0.69517	329	0.45379
pre.e30_len_0.2_cov_1.0	504	0.69517	332	0.45793
pre.e30_len_0.4_cov_0.4	492	0.67862	323	0.44552
pre.e30_len_0.4_cov_0.8	504	0.69517	333	0.45931
pre.e30_len_0.8_cov_0.8	504	0.69517	334	0.46069
pre.e30_len_0.6_cov_1.0	504	0.69517	334	0.46069
pre.e30_len_0_cov_0.8	490	0.67586	321	0.44276
pre.e30_len_0.2_cov_0	138	0.19034	62	0.08552
pre.e30_len_0_cov_1.0	500	0.68966	329	0.45379
pre.e30_len_1.0_cov_0.6	504	0.69517	334	0.46069
pre.e30_len_0.8_cov_0.6	504	0.69517	334	0.46069
pre.e30_len_0_cov_0.6	475	0.65517	304	0.41931
pre.e30_len_0.4_cov_1.0	504	0.69517	332	0.45793
pre.e30_len_1.0_cov_1.0	505	0.69655	336	0.46345
pre.e30_len_0.4_cov_0.6	506	0.69793	332	0.45793
pre.e30_len_0.6_cov_0	145	0.2	69	0.09517
pre.e30_len_1.0_cov_0.4	503	0.69379	334	0.46069
